lastAccountName: mit_bro
timestamps:
  login: 1564895490466
  lastteleport: 1564621035566
  logout: 1564719834141
ipAddress: 124.169.244.186
afk: true
lastlocation:
  world: world
  x: 2901.299999974668
  y: 71.0000002
  z: 174.29999997466803
  yaw: -56.257244
  pitch: 30.599997
logoutlocation:
  world: world
  x: 2930.300000011921
  y: 11.0
  z: 143.30349794491147
  yaw: -27.936897
  pitch: 37.349888
