lastAccountName: Lachys_pizza
timestamps:
  login: 1564922819528
  logout: 1564927947730
ipAddress: 45.248.76.131
logoutlocation:
  world: world
  x: -243.3378212990855
  y: 50.0
  z: -17.702646182981617
  yaw: -272.55774
  pitch: -1.3500538
afk: false
