lastAccountName: BunningsSanga
timestamps:
  login: 1564834984472
  lastteleport: 1564742206580
  logout: 1564836499848
ipAddress: 193.115.71.53
lastlocation:
  world: world
  x: -58.37556820309945
  y: 72.0
  z: -141.197094902425
  yaw: -249.33745
  pitch: 2.851614
logoutlocation:
  world: world
  x: -215.25107952250164
  y: 89.0
  z: 235.47836023104065
  yaw: 65.26534
  pitch: 67.187126
