lastAccountName: Enviro_Bro
timestamps:
  login: 1564998096924
  logout: 1564998525773
  lastteleport: 1564824896013
ipAddress: 58.174.216.232
nickname: Joel
logoutlocation:
  world: world
  x: 98.09450058685101
  y: 92.0
  z: 275.12676454089836
  yaw: -195.6612
  pitch: 36.75034
lastlocation:
  world: world
  x: -675.5536357564099
  y: 37.0
  z: -32.27157915898011
  yaw: 107.55229
  pitch: 26.249538
