lastAccountName: the_polecat
timestamps:
  login: 1564816324098
  logout: 1564816789320
ipAddress: 49.178.58.161
logoutlocation:
  world: world
  x: -2873.736624609014
  y: 70.0
  z: 2192.2888494933018
  yaw: -25.173834
  pitch: 27.299885
