lastAccountName: Jester674
timestamps:
  login: 1564582021095
  lastteleport: 1564583471474
  logout: 1564583502375
ipAddress: 163.47.68.40
lastlocation:
  world: world
  x: -84.11662463299022
  y: 76.0
  z: -137.46087978685915
  yaw: -316.72418
  pitch: 12.449855
money: '150'
logoutlocation:
  world: world
  x: -94.83610359477069
  y: 75.0
  z: -143.54997307080788
  yaw: -180.96893
  pitch: 41.70002
