lastAccountName: Taithefly
timestamps:
  login: 1564997336130
  lastteleport: 1564996465982
  logout: 1564998394279
ipAddress: 139.130.118.184
lastlocation:
  world: world
  x: -41.84894058973901
  y: 65.0
  z: -143.72923018404714
  yaw: -97.65
  pitch: 29.099998
logoutlocation:
  world: world
  x: 384.35697926162953
  y: 105.0
  z: -302.1056788327512
  yaw: 358.83057
  pitch: 18.45009
