lastAccountName: ____Pain
timestamps:
  login: 1565076639418
  lastteleport: 1565078712392
  kits:
    tools: 1564583058348
  logout: 1564900301687
ipAddress: 124.169.244.186
homes:
  home:
    world: world
    x: 2937.704763085772
    y: 81.0
    z: 104.32133311920042
    yaw: 108.857414
    pitch: 13.350121
  pumpkinfarm:
    world: world
    x: 2925.98547358705
    y: 57.0
    z: 169.69999998807907
    yaw: 175.61598
    pitch: 29.399632
  village:
    world: world
    x: 2923.8917728204315
    y: 87.9375
    z: 267.82459060497206
    yaw: -351.16302
    pitch: 6.3003626
lastlocation:
  world: world
  x: 2918.8328973077596
  y: 70.0
  z: 152.71446794992985
  yaw: 100.313934
  pitch: 60.89998
nickname: Karlos
powertools: {}
money: '59126'
logoutlocation:
  world: world
  x: 2932.827839924099
  y: 81.0
  z: 101.24663990817213
  yaw: 326.94397
  pitch: 23.399906
afk: true
