world: world
x: -62.3156348476082
y: 72.0
z: -151.98719922804182
yaw: -93.67402
pitch: 27.149904
name: Shop
lastowner: ed09afc6-5aec-422c-a8fb-3c2f9859ebab
