world: world
x: -92.94957236350588
y: 81.0
z: -112.07679192629186
yaw: -178.12183
pitch: 39.900005
name: Spawn
lastowner: ed09afc6-5aec-422c-a8fb-3c2f9859ebab
